960 965
960 970
960 975
960 980
960 985
960 989
960 994
960 994
960 994
960 994
960 994
960 994
960 994
960 994
960 994
960 994
960 994
960 994
960 994
960 994
960 994
960 994
960 994
960 994
960 994
960 994
960 994
960 994
960 994
960 994
960 994
960 994
960 994
960 994
960 994
960 994
960 994
960 994
960 994
960 994
960 994
960 994
960 994
960 994
960 994
960 994
960 994
960 994
960 994
960 994
960 994
960 994
960 994
964 994
969 994
975 994
978 994
985 994
988 994
993 994
1000 994
1003 994
1009 994
1013 994
1020 988
1024 984
1029 979
1034 973
1039 969
1044 963
1049 959
1054 954
1060 948
1063 944
1070 938
1070 934
1070 928
1070 924
1070 919
1070 913
1070 909
1070 903
1070 899
1070 894
1070 888
1070 884
1070 878
1070 874
1070 868
1070 864
1070 859
1070 853
1070 849
1070 843
1070 839
1070 834
1070 828
1070 824
1070 818
1070 814
1070 808
1070 804
1070 799
1070 793
1070 789
1070 783
1070 779
1070 774
1070 768
1070 764
1070 758
1070 754
1070 748
1070 744
1070 739
1070 733
1070 729
1070 723
1070 719
1070 714
1070 708
1070 704
1070 697
1070 694
1070 688
1070 684
1070 679
1070 673
1070 669
1070 663
1070 659
1070 654
1070 648
1070 644
1070 638
1070 634
1070 628
1070 624
1070 619
1070 613
1065 609
1060 603
1055 599
1050 594
1044 588
1040 584
1034 578
1030 574
1024 568
1021 564
1016 559
1009 553
1006 549
999 543
996 539
990 534
985 528
980 524
975 518
970 514
965 508
961 504
956 499
956 499
956 499
956 499
956 499
956 499
956 499
956 499
956 499
956 499
956 499
956 499
956 499
956 499
956 499
956 499
956 499
956 499
956 499
956 499
956 499
956 499
956 499
956 499
956 499
956 499
956 499
956 499
956 499
956 499
